67902
120202
48902
80702
73402
101402
105202
78902
59602
103202
140602
69002
81602
52002
128302
114102
50302
75102
14502
132802
20902
109402
37602
95002
83302
51402
118002
108702
20702
22502
49102
43002
88502
60302
134202
85802
135202
51002
29102
72802
35602
69902
61502
62102
18502
104402
117202
35402
59202
120602
54102
130002
16102
37202
82302
99302
56402
55602
112502
50502
66602
83202
135002
82002
74302
96502
126202
117002
97202
71302
122502
99702
63102
49302
127502
68302
142302
51602
76202
81202
95802
17402
116202
110302
90102
117302
129202
26902
107402
59002
141002
120502
63902
112202
138002
38602
128602
87402
111302
61002
