608905
609005
609605
609705
610505
610705
611005
611105
613405
613505
614005
614205
616005
616105
616305
616405
616905
617605
617805
618005
618305
618505
620005
620105
620205
620305
620505
620605
620805
621005
621405
622305
622605
622705
624505
624905
625705
626105
626205
626505
626605
626805
627005
627505
627705
628705
628805
629005
629205
629405
629105
629505
629605
629705
630405
630505
630605
631205
631705
631805
632005
632305
632405
632605
632705
632905
633705
633805
634905
635205
635905
636105
636205
636605
636705
637405
637805
637905
638105
639305
609305
610205
612105
612305
614605
614805
615005
615205
615605
616805
617705
619105
619205
619305
619405
619605
619805
621805
622805
623005
623905
624405
626005
626305
627605
627805
628405
630805
632505
633305
633505
634805
635405
635705
636005
637505
638305
638505
639005
639105
639205
639805