608905
609005
609305
609605
609705
610205
610505
610705
611005
611105
612105
612305
613405
613505
614005
614205
614605
614805
615005
615205
615605
616005
616105
616305
616405
616805
616905
617605
617705
617805
618005
618305
618505
619105
619205
619305
619405
619605
619805
620005
620105
620205
620305
620505
620605
620805
621005
621405
621805
622305
622605
622705
622805
623005
623905
624405
624505
624905
625705
626005
626105
626205
626305
626505
626605
626805
627005
627505
627605
627705
627805
628405
628705
629005
629105
629205
629405
629505
629605
629705
630405
630505
630605
630805
631205
631705
631805
632005
632305
632405
632505
632605
632705
633305
633505
633705
633805
634905
635405
635705
635905
636005
636105
636205
636605
636705
637405
637505
637805
637905
638105
638305
638505
639005
639105
639205
639305
639805
