67902
120202
48902
80702
73402
101402
105202
78902
59602
103202
140602
69002
81602
52002
128302
114102
50302
75102
14502
132802
20902
109402
37602
95002
83302
51402
118002
108702
20702
22502
49102
43002
88502
60302
134202
85802
135202
51002
29102
72802
35602
69902
61502
62102
18502
104402
117202
35402
59202
120602
54102
130002
16102
37202
82302
99302
56402
55602
112502
50502
66602
83202
135002
82002
74302
96502
126202
117002
97202
71302
122502
99702
63102
49302
127502
68302
142302
51602
76202
81202
95802
17402
116202
110302
90102
117302
129202
26902
107402
59002
141002
120502
63902
112202
138002
38602
128602
87402
111302
61002
77702
66202
58702
55702
37002
86202
70702
17102
131302
98102
137302
82902
129102
89902
122002
120402
41302
118802
114602
60002
85902
128202
105302
38702
128802
55802
116402
124702
106002
99802
49702
79802
131402
80102
74002
85102
39102
103902
39202
41602
52102
117402
65702
132502
39002
112802
142902
109602
122302
48602
41102
121002
126502
124902
54302
24002
117802
131702
37402
78502
78202
100102
100802
29502
104302
88102
47902
91602
121702
73702
54202
15302
78102
70102
85702
105602
110402
120302
133202
99502
146802
101702
51302
139302
143402
116902
77902
97502
81902
114302
93002
57702
114402
61402
81402
21002
116702
77102
80602
103002
71502
96402
52802
109502
47002
69502
70302
113002
53902
146902
118902
58302
65902
63402
44602
64402
42802
103702
87002
80802
132202
97302
50902
108502
129802
137802
106602
40902
82802
99602
53202
118102
146302
74502
75402
89602
126002
23102
113902
71902
93202
92602
97402
110202
130402
70002
60102
93702
118302
131502
55202
130702
93302
39402
116502
64202
122802
66002
24702
133602
142202
66302
86902
66802
21902
123802
78302
93802
44402
104102
129002
119002
83402
110602
72502
64002
127802
56702
139902
82502
66502
93502
50602
130902
145402
95902
68602
107502
99002
49802
116602
17002
130802
28802
68702
134002
126402
103102
113802
111502
83602
106302
80402
78602
67502
138102
119402
42702
71202
129302
16302
70902
38502
15702
65602
88602
115002
36802
40502
38302
35702
102502
80202
124102
60202
90802
53702
44002
65402
48202
36902
123602
80002
89402
73502
89002
55502
85002
111002
80902
108402
22202
45102
42102
36102
42902
86102
112302
128002
93402
131602
144302
84102
103502
112902
40202
107002
84702
141402
92002
84502
56902
107902
59702
75002
124602
49202
143702
46902
19802
100902
52302
40302
119902
18402
102702
138702
92302
111202
96002
114902
101502
60902
20602
76402
68102
143502
80502
54802
20002
56302
63302
57602
44502
119102
53402
44802
99902
52702
68902
90302
119802
58402
69202
24102
143602
87602
123702
56002
76702
134302
36202
38002
35302
54602
94102
58602
63502
88002
64502
41802
116102
135302
87902
129502
138902
121602
95202
41002
31702
134102
83802
121802
57902
124202
133102
111902
91902
38802
98802
83102
102302
47402
137702
36402
68202
88402
86502
101202
79602
117702
94202
62002
102602
70202
78702
50402
42502
109102
125002
63802
98302
58502
135502
114002
124502
42202
69802
125502
124802
73002
103602
147102
145302
126902
110102
96802
67402
102802
136702
96202
94602
88802
129602
100402
35502
100202
115502
103802
42402
72202
81102
21602
145502
54702
96902
74602
87802
112402
45302
64102
91702
65802
64902
52602
69402
40802
60502
46102
94802
119302
90002
140302
132102
60402
144902
114202
71402
125402
142802
123102
56602
31302
108002
101802
71702
63602
129402
107202
101002
67202
58202
79002
140702
111702
44102
96102
97902
61602
81702
142602
59502
36002
29402
135402
78402
84402
100702
141502
35202
109702
35102
59402
62402
131202
64702
121502
77202
107102
88702
67802
90702
102902
79302
77302
15102
65102
24902
118402
120802
81502
111802
142402
122702
61102
98902
53302
30402
105702
84902
46702
140002
65502
50002
98402
140202
105502
106402
109302
133302
36702
100002
139702
39602
112702
98702
98602
124402
77402
56502
130502
128402
97602
50102
110802
26202
61202
108102
147002
117902
58902
95102
35002
21202
62802
86302
128702
79202
70602
57402
73902
120102
48702
48402
92202
94302
132302
46802
100502
115902
37802
44902
67602
67702
104602
127302
35902
125902
52902
84202
54902
127702
123302
125102
27402
32202
92702
56102
112002
115402
102402
38402
85502
117102
54502
56802
112602
75202
140102
127102
65202
99402
115102
57502
62302
72902
93102
31002
108202
68502
79502
37102
39802
74202
69602
128902
49502
66902
87102
105402
53102
37302
89202
134702
116802
41202
125202
45202
121902
84602
40402
51902
123502
118502
134402
62602
83702
88902
52502
38102
73802
141202
106502
126602
50202
82402
91402
86702
94702
135102
91302
59102
121302
127202
47202
71802
73602
143002
118702
45502
105902
125302
131902
62202
17602
21102
106802
29202
85402
86602
80302
104802
115302
71002
40002
100302
38902
37902
75602
106202
72002
118202
113402
109002
126702
55002
62702
144502
56202
68002
76602
143202
104702
16802
14302
59302
111402
97702
59802
91502
27102
141602
51702
142502
90902
141902
52402
50802
39302
66402
137402
27602
136402
29302
141302
111102
119602
62502
22102
72602
23402
25502
43902
136302
137102
97802
50702
122602
75902
146402
87502
31902
55902
61802
105002
103402
103302
84302
87702
108902
52202
66102
16202
107802
107702
122402
78802
61902
119202
107302
91202
133902
100602
106702
129702
29002
32702
36502
95702
99202
130602
134902
109802
132902
101302
71102
41902
19402
19502
28302
79402
48502
115702
95402
130202
131802
61302
59902
63702
111602
79702
65302
135902
36302
94402
26002
130302
85302
48302
41402
122902
86802
22302
55402
64302
102202
110502
76902
104202
127402
39902
109202
87202
97002
140802
19002
114802
72402
92902
82702
104902
98002
88302
142102
110902
62902
145202
70402
77002
30102
139202
44702
46302
94002
93602
15502
99102
41702
76002
81002
79102
28602
68402
125802
32302
60602
116302
22602
74802
98202
65002
104002
85202
119702
27902
74102
120002
105102
72102
75302
67102
79902
61702
139102
96302
110702
14002
51202
76502
58802
128102
31602
57102
106902
108302
53002
135602
76302
25802
90502
138202
114702
96702
98502
138602
35802
14402
83002
104502
85602
89102
51102
89802
57002
39502
18602
112102
89502
86402
53602
113102
16502
69102
58002
115602
136102
44202
45602
28002
91802
94502
96602
95302
131102
90202
122102
117502
64802
138402
32102
77602
73302
74902
69302
123902
122202
139002
109902
72302
142002
40602
60802
57802
94902
63002
136902
137902
24802
46202
69702
140402
121202
105802
77502
115202
102002
67302
26502
28502
40702
119502
127002
36602
83502
138302
106102
120702
68802
17702
31802
53802
101602
51502
44302
20402
